0.398942
0.398942
0.398942
0.398942
0.398942
0.398942
0.398942
0.398942
0.398942
0.398942
0.398942
0.398942
0.398942
0.398942
0.398942
0.398942
0.398942
0.398942
0.398942
0.398942
0.398942
0.398942
0.398942
0.398942
0.398942
0.398942
0.398942
0.398942
0.398942
0.398942
0.398942
0.398942
0.241971
0.241971
0.241971
0.241971
0.241971
0.241971
0.241971
0.241971
0.241971
0.241971
0.241971
0.241971
0.241971
0.241971
0.241971
0.241971
0.241971
0.241971
0.241971
0.241971
0.241971
0.241971
0.241971
0.241971
0.241971
0.241971
0.241971
0.241971
0.241971
0.241971
0.241971
0.241971
0.241971
0.241971
0.241971
0.241971
0.241971
0.241971
0.241971
0.241971
0.241971
0.241971
0.241971
0.241971
0.241971
0.241971
0.241971
0.241971
0.241971
0.241971
0.241971
0.241971
0.241971
0.241971
0.241971
0.241971
0.241971
0.241971
0.241971
0.241971
0.241971
0.241971
0.241971
0.241971
0.398942
0.398942
0.398942
0.398942
0.398942
0.398942
0.398942
0.398942
0.398942
0.398942
0.398942
0.398942
0.398942
0.398942
0.398942
0.398942
0.398942
0.398942
0.398942
0.398942
0.398942
0.398942
0.398942
0.398942
0.398942
0.398942
0.398942
0.398942
0.398942
0.398942
0.398942
0.398942
