0.0362675
0.0362675
0.0362675
0.0362675
0.0362675
0.0362675
0.0362675
0.0362675
0.0362675
0.0362675
0.0362675
0.0362675
0.0362675
0.0362675
0.0362675
0.0362675
0.0362675
0.0362675
0.0362675
0.0362675
0.0362675
0.0362675
0.0362675
0.0362675
0.0362675
0.0362675
0.0362675
0.0362675
0.0362675
0.0362675
0.0362675
0.0362675
0.0361179
0.0361179
0.0361179
0.0361179
0.0361179
0.0361179
0.0361179
0.0361179
0.0361179
0.0361179
0.0361179
0.0361179
0.0361179
0.0361179
0.0361179
0.0361179
0.0361179
0.0361179
0.0361179
0.0361179
0.0361179
0.0361179
0.0361179
0.0361179
0.0361179
0.0361179
0.0361179
0.0361179
0.0361179
0.0361179
0.0361179
0.0361179
0.0361179
0.0361179
0.0361179
0.0361179
0.0361179
0.0361179
0.0361179
0.0361179
0.0361179
0.0361179
0.0361179
0.0361179
0.0361179
0.0361179
0.0361179
0.0361179
0.0361179
0.0361179
0.0361179
0.0361179
0.0361179
0.0361179
0.0361179
0.0361179
0.0361179
0.0361179
0.0361179
0.0361179
0.0361179
0.0361179
0.0361179
0.0361179
0.0362675
0.0362675
0.0362675
0.0362675
0.0362675
0.0362675
0.0362675
0.0362675
0.0362675
0.0362675
0.0362675
0.0362675
0.0362675
0.0362675
0.0362675
0.0362675
0.0362675
0.0362675
0.0362675
0.0362675
0.0362675
0.0362675
0.0362675
0.0362675
0.0362675
0.0362675
0.0362675
0.0362675
0.0362675
0.0362675
0.0362675
0.0362675
