0
0
0
0
0
0
0
0
0
0
0
0
0
0
0
0
0
0
0
0
0.00453456
0.0117176
0.02265
0.0386363
0.0610961
0.0914137
0.130734
0.179729
0.238387
0.30586
0.38043
0.45961
0.54039
0.61957
0.69414
0.761613
0.820271
0.869266
0.908586
0.938904
0.961364
0.97735
0.988282
0.995465
1
1
1
1
1
1
1
1
1
1
1
1
1
1
1
1
1
1
1
1
1
1
1
1
1
1
1
1
1
1
1
1
1
1
1
1
1
1
1
1
0.995465
0.988282
0.97735
0.961364
0.938904
0.908586
0.869266
0.820271
0.761613
0.69414
0.61957
0.54039
0.45961
0.38043
0.30586
0.238387
0.179729
0.130734
0.0914137
0.0610961
0.0386363
0.02265
0.0117176
0.00453456
0
0
0
0
0
0
0
0
0
0
0
0
0
0
0
0
0
0
0
0
