0.0797885
0.0797885
0.0797885
0.0797885
0.0797885
0.0797885
0.0797885
0.0797885
0.0797885
0.0797885
0.0797885
0.0797885
0.0797885
0.0797885
0.0797885
0.0797885
0.0797885
0.0797885
0.0797885
0.0797885
0.0797885
0.0797885
0.0797885
0.0797885
0.0797885
0.0797885
0.0797885
0.0797885
0.0797885
0.0797885
0.0797885
0.0797885
0.0782085
0.0782085
0.0782085
0.0782085
0.0782085
0.0782085
0.0782085
0.0782085
0.0782085
0.0782085
0.0782085
0.0782085
0.0782085
0.0782085
0.0782085
0.0782085
0.0782085
0.0782085
0.0782085
0.0782085
0.0782085
0.0782085
0.0782085
0.0782085
0.0782085
0.0782085
0.0782085
0.0782085
0.0782085
0.0782085
0.0782085
0.0782085
0.0782085
0.0782085
0.0782085
0.0782085
0.0782085
0.0782085
0.0782085
0.0782085
0.0782085
0.0782085
0.0782085
0.0782085
0.0782085
0.0782085
0.0782085
0.0782085
0.0782085
0.0782085
0.0782085
0.0782085
0.0782085
0.0782085
0.0782085
0.0782085
0.0782085
0.0782085
0.0782085
0.0782085
0.0782085
0.0782085
0.0782085
0.0782085
0.0797885
0.0797885
0.0797885
0.0797885
0.0797885
0.0797885
0.0797885
0.0797885
0.0797885
0.0797885
0.0797885
0.0797885
0.0797885
0.0797885
0.0797885
0.0797885
0.0797885
0.0797885
0.0797885
0.0797885
0.0797885
0.0797885
0.0797885
0.0797885
0.0797885
0.0797885
0.0797885
0.0797885
0.0797885
0.0797885
0.0797885
0.0797885
