86.4941
95.2592
104.282
113.492
122.818
132.182
141.508
150.718
159.741
168.506
176.951
185.021
192.669
199.857
206.557
212.752
218.432
223.596
228.254
232.42
236.116
239.367
242.204
244.659
246.766
248.559
250.073
251.34
252.392
253.259
253.966
254.54
255
255
255
255
255
255
255
255
255
255
254.54
253.966
253.259
252.392
251.34
250.073
248.559
246.766
244.659
242.204
239.367
236.116
232.42
228.254
223.596
218.432
212.752
206.557
199.857
192.669
185.021
176.951
168.506
159.741
150.718
141.508
132.182
122.818
113.492
104.282
95.2592
86.4941
0
0
0
0
0
0
0
0
0
0
0
0
0
0
0
0
0
0
0
0
0
0
0
0
0
0
0
0
0
0
0
0
0
0
0
0
0
0
0
0
0
0
0
0
0
0
0
0
0
0
0
0
0
0
